22
21
0 4418 8415 3640 1345 5716 9962 2645 1993 1169 6856 3837 4891 8842 6225 9724 4329 1083 5759 1431 9527 7611
4418 0 4479 2510 5503 1780 6026 2991 3663 5327 2920 2203 955 4906 2289 5788 1079 5241 1823 3957 5591 3675
8415 4479 0 6507 9500 4559 3487 6988 7660 9324 2421 6200 4616 2367 2578 3249 5076 9238 3458 7954 3052 1880
3640 2510 6507 0 4725 3808 8054 2213 2885 4549 4948 1929 2983 6934 4317 7816 2421 4463 3851 3179 7619 5703
1345 5503 9500 4725 0 6801 11047 3730 3078 1808 7941 4922 5976 9927 7310 10809 5414 944 6844 2516 10612 8696
5716 1780 4559 3808 6801 0 6106 4289 4961 6625 3000 3501 1917 4986 2369 5868 2377 6539 1903 5255 5671 3755
9962 6026 3487 8054 11047 6106 0 8535 9207 10871 3968 7747 6163 1996 4125 1526 6623 10785 5005 9501 2273 3427
2645 2991 6988 2213 3730 4289 8535 0 1890 3554 5429 2410 3464 7415 4798 8297 2902 3468 4332 2184 8100 6184
1993 3663 7660 2885 3078 4961 9207 1890 0 2902 6101 3082 4136 8087 5470 8969 3574 2816 5004 1532 8772 6856
1169 5327 9324 4549 1808 6625 10871 3554 2902 0 7765 4746 5800 9751 7134 10633 5238 1546 6668 2340 10436 8520
6856 2920 2421 4948 7941 3000 3968 5429 6101 7765 0 4641 3057 2848 1019 3730 3517 7679 1899 6395 3533 1617
3837 2203 6200 1929 4922 3501 7747 2410 3082 4746 4641 0 2676 6627 4010 7509 2114 4660 3544 3376 7312 5396
4891 955 4616 2983 5976 1917 6163 3464 4136 5800 3057 2676 0 5043 2426 5925 1552 5714 1960 4430 5728 3812
8842 4906 2367 6934 9927 4986 1996 7415 8087 9751 2848 6627 5043 0 3005 1758 5503 9665 3885 8381 1561 2307
6225 2289 2578 4317 7310 2369 4125 4798 5470 7134 1019 4010 2426 3005 0 3887 2886 7048 1268 5764 3690 1774
9724 5788 3249 7816 10809 5868 1526 8297 8969 10633 3730 7509 5925 1758 3887 0 6385 10547 4767 9263 2035 3189
4329 1079 5076 2421 5414 2377 6623 2902 3574 5238 3517 2114 1552 5503 2886 6385 0 5152 2420 3868 6188 4272
1083 5241 9238 4463 944 6539 10785 3468 2816 1546 7679 4660 5714 9665 7048 10547 5152 0 6582 2254 10350 8434
5759 1823 3458 3851 6844 1903 5005 4332 5004 6668 1899 3544 1960 3885 1268 4767 2420 6582 0 5298 4570 2654
1431 3957 7954 3179 2516 5255 9501 2184 1532 2340 6395 3376 4430 8381 5764 9263 3868 2254 5298 0 9066 7150
9527 5591 3052 7619 10612 5671 2273 8100 8772 10436 3533 7312 5728 1561 3690 2035 6188 10350 4570 9066 0 2992
7611 3675 1880 5703 8696 3755 3427 6184 6856 8520 1617 5396 3812 2307 1774 3189 4272 8434 2654 7150 2992 0
