25
0 919 984 693 856 1109 1000 707 1175 1045 763 1149 1132 1215 1248 788 677 655 850 860 764 734 1001 893 1194 
919 0 705 680 718 1103 1228 1196 690 810 817 825 1172 1007 1057 645 1079 823 1058 1044 818 627 715 1234 884 
984 705 0 1162 782 1231 744 798 790 662 722 990 946 862 735 864 1037 1154 1087 829 682 659 1164 1017 910 
693 680 1162 0 950 881 981 642 1055 842 877 785 1049 1096 1032 989 654 684 1247 926 851 1036 1013 826 1092 
856 718 782 950 0 1230 743 999 1146 940 738 1078 1244 794 965 1080 1009 1056 968 890 1237 922 1027 895 760 
1109 1103 1231 881 1230 0 1217 752 1206 996 717 803 867 834 1100 774 1090 928 925 665 1093 815 791 1008 770 
1000 1228 744 981 743 1217 0 731 670 1113 843 1129 754 699 777 828 753 1089 821 668 771 792 1236 1004 1188 
707 1196 798 642 999 752 731 0 733 653 997 1135 1025 658 827 1199 756 688 966 1026 861 1218 847 1005 1022 
1175 690 790 1055 1146 1206 670 733 0 912 1152 1050 710 638 664 1101 672 1119 1076 784 1222 951 986 1015 1110 
1045 810 662 842 940 996 1113 653 912 0 1171 666 1072 812 683 1203 1226 1061 1128 758 746 1064 844 920 755 
763 817 722 877 738 717 843 997 1152 1171 0 936 957 628 977 647 1060 775 1198 706 845 708 759 1183 1043 
1149 825 990 785 1078 803 1129 1135 1050 666 936 0 911 914 1016 942 696 1014 769 1030 1169 897 807 833 646 
1132 1172 946 1049 1244 867 754 1025 710 1072 957 911 0 1243 1168 787 889 988 1131 1106 1085 1098 691 836 991 
1215 1007 862 1096 794 834 699 658 638 812 628 914 1243 0 1118 1189 799 667 689 1235 781 1088 1067 900 952 
1248 1057 735 1032 965 1100 777 827 664 683 977 1016 1168 1118 0 741 982 795 1120 985 954 960 630 979 995 
788 645 864 989 1080 774 828 1199 1101 1203 647 942 787 1189 741 0 648 626 1186 748 927 830 1151 852 980 
677 1079 1037 654 1009 1090 753 756 672 1226 1060 696 889 799 982 648 0 1161 874 674 898 1075 978 1082 1159 
655 823 1154 684 1056 928 1089 688 1119 1061 775 1014 988 667 795 626 1161 0 878 796 1099 757 918 1125 745 
850 1058 1087 1247 968 925 821 966 1076 1128 1198 769 1131 689 1120 1186 874 878 0 751 1105 797 943 838 1047 
860 1044 829 926 890 665 668 1026 784 758 706 1030 1106 1235 985 748 674 796 751 0 641 1107 702 814 865 
764 818 682 851 1237 1093 771 861 1222 746 845 1169 1085 781 954 927 898 1099 1105 641 0 780 1178 783 1158 
734 627 659 1036 922 815 792 1218 951 1064 708 897 1098 1088 960 830 1075 757 797 1107 780 0 1210 962 692 
1001 715 1164 1013 1027 791 1236 847 986 844 759 807 691 1067 630 1151 978 918 943 702 1178 1210 0 932 661 
893 1234 1017 826 895 1008 1004 1005 1015 920 1183 833 836 900 979 852 1082 1125 838 814 783 962 932 0 766 
1194 884 910 1092 760 770 1188 1022 1110 755 1043 646 991 952 995 980 1159 745 1047 865 1158 692 661 766 0 
