25
0 7922 6960 10500 5598 2975 5288 1580 8899 3720 4855 2832 3155 10025 6370 10277 4448 1474 3954 1985 3947 8469 5767 4041 10821
7922 0 1774 3670 12570 6281 3814 8552 2069 4910 3169 9804 5737 3195 2868 3447 4814 6558 10926 8957 10919 1639 12739 5497 3991
6960 1774 0 4352 11608 5319 2852 7590 2751 3948 2207 8842 4775 3877 1906 4129 3852 5596 9964 7995 9957 2321 11777 4535 4673
10500 3670 4352 0 15148 8859 6392 11130 2745 7488 5747 12382 8315 2025 5446 889 7392 9136 13504 11535 13497 3951 15317 8075 1583
5598 12570 11608 15148 0 7623 9936 5616 13547 8368 9503 2880 7803 14673 11018 14925 9096 6122 2362 4027 1993 13117 1825 8689 15469
2975 6281 5319 8859 7623 0 3647 3605 7258 2079 3214 4857 1514 8384 4729 8636 2807 1611 5979 4010 5972 6828 7792 2400 9180
5288 3814 2852 6392 9936 3647 0 5918 4791 2276 747 7170 3103 5917 2262 6169 2180 3924 8292 6323 8285 4361 10105 2863 6713
1580 8552 7590 11130 5616 3605 5918 0 9529 4350 5485 2850 3785 10655 7000 10907 5078 2104 3972 2003 3965 9099 5785 4671 11451
8899 2069 2751 2745 13547 7258 4791 9529 0 5887 4146 10781 6714 2270 3845 2522 5791 7535 11903 9934 11896 2350 13716 6474 3066
3720 4910 3948 7488 8368 2079 2276 4350 5887 0 1843 5602 1535 7013 3358 7265 1436 2356 6724 4755 6717 5457 8537 1295 7809
4855 3169 2207 5747 9503 3214 747 5485 4146 1843 0 6737 2670 5272 1617 5524 1747 3491 7859 5890 7852 3716 9672 2430 6068
2832 9804 8842 12382 2880 4857 7170 2850 10781 5602 6737 0 5037 11907 8252 12159 6330 3356 1236 1261 1229 10351 3049 5923 12703
3155 5737 4775 8315 7803 1514 3103 3785 6714 1535 2670 5037 0 7840 4185 8092 2263 1791 6159 4190 6152 6284 7972 1856 8636
10025 3195 3877 2025 14673 8384 5917 10655 2270 7013 5272 11907 7840 0 4971 1802 6917 8661 13029 11060 13022 3476 14842 7600 2346
6370 2868 1906 5446 11018 4729 2262 7000 3845 3358 1617 8252 4185 4971 0 5223 3262 5006 9374 7405 9367 3415 11187 3945 5767
10277 3447 4129 889 14925 8636 6169 10907 2522 7265 5524 12159 8092 1802 5223 0 7169 8913 13281 11312 13274 3728 15094 7852 1360
4448 4814 3852 7392 9096 2807 2180 5078 5791 1436 1747 6330 2263 6917 3262 7169 0 3084 7452 5483 7445 5361 9265 2023 7713
1474 6558 5596 9136 6122 1611 3924 2104 7535 2356 3491 3356 1791 8661 5006 8913 3084 0 4478 2509 4471 7105 6291 2677 9457
3954 10926 9964 13504 2362 5979 8292 3972 11903 6724 7859 1236 6159 13029 9374 13281 7452 4478 0 2383 711 11473 2531 7045 13825
1985 8957 7995 11535 4027 4010 6323 2003 9934 4755 5890 1261 4190 11060 7405 11312 5483 2509 2383 0 2376 9504 4196 5076 11856
3947 10919 9957 13497 1993 5972 8285 3965 11896 6717 7852 1229 6152 13022 9367 13274 7445 4471 711 2376 0 11466 2162 7038 13818
8469 1639 2321 3951 13117 6828 4361 9099 2350 5457 3716 10351 6284 3476 3415 3728 5361 7105 11473 9504 11466 0 13286 6044 4272
5767 12739 11777 15317 1825 7792 10105 5785 13716 8537 9672 3049 7972 14842 11187 15094 9265 6291 2531 4196 2162 13286 0 8858 15638
4041 5497 4535 8075 8689 2400 2863 4671 6474 1295 2430 5923 1856 7600 3945 7852 2023 2677 7045 5076 7038 6044 8858 0 8396
10821 3991 4673 1583 15469 9180 6713 11451 3066 7809 6068 12703 8636 2346 5767 1360 7713 9457 13825 11856 13818 4272 15638 8396 0
