20
0.00 0.99 1.68 0.94 1.14 1.28 1.19 1.39 1.20 1.16 1.47 0.86 0.72 1.66 0.80 1.02 0.92 1.35 0.74 0.94
0.99 0.00 1.37 0.71 0.48 1.16 1.28 1.07 0.65 0.98 1.72 1.54 1.55 0.91 0.65 1.65 1.25 1.29 1.03 0.46
1.68 1.37 0.00 1.23 1.00 0.57 0.49 0.41 0.97 0.68 0.41 1.01 1.13 0.95 0.89 1.00 0.83 0.20 1.41 1.00
0.94 0.71 1.23 0.00 0.51 0.71 1.35 0.96 0.46 1.12 0.94 1.30 0.97 0.89 1.18 1.49 1.76 1.03 0.62 1.11
1.14 0.48 1.00 0.51 0.00 0.36 1.11 0.79 0.56 1.04 1.19 1.46 1.65 0.62 0.83 1.53 1.01 0.94 0.81 0.49
1.28 1.16 0.57 0.71 0.36 0.00 0.70 0.61 0.87 1.01 0.65 1.41 1.34 0.65 1.19 1.07 0.93 0.59 1.03 0.75
1.19 1.28 0.49 1.35 1.11 0.70 0.00 0.28 0.85 0.89 0.86 0.77 1.47 1.05 1.11 1.08 0.96 0.85 1.49 0.54
1.39 1.07 0.41 0.96 0.79 0.61 0.28 0.00 0.35 0.93 0.78 0.81 1.58 0.89 0.79 1.44 1.16 0.58 1.59 0.65
1.20 0.65 0.97 0.46 0.56 0.87 0.85 0.35 0.00 1.37 1.18 0.82 1.52 0.73 0.90 1.81 1.50 1.07 1.01 0.86
1.16 0.98 0.68 1.12 1.04 1.01 0.89 0.93 1.37 0.00 0.59 1.24 1.04 1.27 0.67 0.75 1.02 0.54 1.49 0.62
1.47 1.72 0.41 0.94 1.19 0.65 0.86 0.78 1.18 0.59 0.00 0.82 0.64 0.82 1.28 0.48 1.08 0.45 1.14 1.39
0.86 1.54 1.01 1.30 1.46 1.41 0.77 0.81 0.82 1.24 0.82 0.00 0.83 1.09 1.05 0.86 0.87 1.21 0.88 1.33
0.72 1.55 1.13 0.97 1.65 1.34 1.47 1.58 1.52 1.04 0.64 0.83 0.00 1.36 1.21 0.45 1.04 0.89 0.68 1.84
1.66 0.91 0.95 0.89 0.62 0.65 1.05 0.89 0.73 1.27 0.82 1.09 1.36 0.00 1.50 0.90 1.07 1.26 0.92 1.03
0.80 0.65 0.89 1.18 0.83 1.19 1.11 0.79 0.90 0.67 1.28 1.05 1.21 1.50 0.00 1.37 0.64 0.55 1.42 0.66
1.02 1.65 1.00 1.49 1.53 1.07 1.08 1.44 1.81 0.75 0.48 0.86 0.45 0.90 1.37 0.00 0.63 1.00 1.05 1.36
0.92 1.25 0.83 1.76 1.01 0.93 0.96 1.16 1.50 1.02 1.08 0.87 1.04 1.07 0.64 0.63 0.00 0.82 1.08 0.90
1.35 1.29 0.20 1.03 0.94 0.59 0.85 0.58 1.07 0.54 0.45 1.21 0.89 1.26 0.55 1.00 0.82 0.00 1.45 1.06
0.74 1.03 1.41 0.62 0.81 1.03 1.49 1.59 1.01 1.49 1.14 0.88 0.68 0.92 1.42 1.05 1.08 1.45 0.00 1.42
0.94 0.46 1.00 1.11 0.49 0.75 0.54 0.65 0.86 0.62 1.39 1.33 1.84 1.03 0.66 1.36 0.90 1.06 1.42 0.00
